LER vs PER at different distances{3,5,7,9}
[[3.7440e-03 4.9650e-03 6.3530e-03 8.0400e-03 1.0699e-02 1.3983e-02
  1.8403e-02 2.4313e-02]
 [1.3030e-03 1.9650e-03 3.0380e-03 4.7920e-03 7.6470e-03 1.2049e-02
  1.8424e-02 2.8211e-02]
 [3.9800e-04 7.0500e-04 1.3880e-03 2.5110e-03 4.8150e-03 8.9370e-03
  1.5972e-02 2.8778e-02]
 [9.4000e-05 2.3000e-04 5.2800e-04 1.2710e-03 2.7320e-03 6.0980e-03
  1.3099e-02 2.7556e-02]]
---------------
LER vs measurement rounds at PER {0.003-0.042}
[[5.000e-05 3.010e-04 5.750e-04 9.090e-04 1.283e-03]
 [8.000e-05 4.730e-04 9.690e-04 1.466e-03 1.974e-03]
 [1.460e-04 6.830e-04 1.511e-03 2.329e-03 3.104e-03]
 [2.100e-04 1.178e-03 2.233e-03 3.587e-03 4.930e-03]]
